229 229 229 255
0 187 249 255
254 228 64 255
0 245 212 255
222 158 54 255
255 133 141 255
93 169 233 255
241 91 181 255
155 93 229 255
24 242 178 255
252 116 186 255
138 225 252 255
178 171 242 255
24 231 98 255
232 93 117 255
207 250 231 255
253 208 242 255
109 157 197 255
166 189 219 255
253 146 207 255
167 201 87 255
117 68 177 255
255 229 50 255
251 202 239 255
58 134 255 255
255 0 110 255
251 86 7 255
188 51 209 255
122 229 130 255
0 48 73 255
214 40 40 255
229 179 179 255
0 187 249 255
255 190 11 255
204 213 174 255
0 245 212 255
255 153 200 255
144 251 146 255
189 211 147 255
230 0 86 255
0 95 57 255
0 174 126 255
255 116 163 255
189 198 255 255
90 219 255 255
158 0 142 255
255 147 126 255
164 36 0 255
0 21 68 255
145 208 203 255
95 173 78 255
107 104 130 255
0 125 181 255
106 130 108 255
252 246 189 255
208 244 222 255
169 222 249 255
228 193 249 255
122 204 174 255
194 140 159 255
0 143 156 255
235 0 0 255
255 2 157 255
104 61 59 255
150 138 232 255
152 255 82 255
167 87 64 255
1 255 254 255
255 238 232 255
254 137 0 255
1 208 255 255
187 136 0 255
165 255 210 255
255 166 254 255
119 77 0 255
122 71 130 255
38 52 0 255
0 71 84 255
67 0 44 255
181 0 255 255
255 177 103 255
255 219 102 255
126 45 210 255
229 111 254 255
222 255 116 255
0 255 120 255
0 155 255 255
0 100 1 255
0 118 255 255
133 169 0 255
0 185 23 255
120 130 49 255
0 255 198 255
255 110 65 255
232 94 190 255
1 0 103 255
149 0 58 255
98 14 0 255
0 0 0 255
